[TitanX-fp32-performance-batch-16]
alexnet = 2.88
vgg-7 = 1.70
resnet-18 = 5.43
lenet-5 = 0.182
cifar10 = 1.75
svhn = 0.59
rnn = 0.20
lstm = 0.18

[TitanX-int8-performance-batch-16]
alexnet = 1.47
vgg-7 = 0.789
resnet-18 = 2.34
lenet-5 = 0.139
cifar10 = 0.833
svhn = 0.405
rnn = 0.19
lstm = 0.17

[TX2-fp32-performance-batch-16]
alexnet = 69.6882247925
vgg-7 = 48.4592704773
resnet-18 = 145.162567139
lenet-5 = 7.5646739006
cifar10 = 48.8615570068
svhn = 17.5961933136
rnn = 2.74375224113
lstm = 2.2896053791

[TX2-fp32-power-batch-16]
alexnet = 8.10629831101
vgg-7 = 7.03657099925
resnet-18 = 7.03020775266
lenet-5 = 1.762
cifar10 = 7.03599952189
svhn = 6.1269999565
rnn = 9.3912671113
lstm = 8.47799999997

